石家庄市	1070.0	5440.0	50841.1214953
唐山市	793.0	6955.0	87704.9180328
秦皇岛市	307.0	1500.0	48859.9348534
邯郸市	943.0	3145.0	33351.0074231
邢台市	729.0	2236.0	30672.1536351
张家口市	442.0	1363.0	30837.1040724
承德市	353.0	1358.0	38470.2549575
廊坊市	474.0	2881.0	60780.5907173
辛集市	61.0	254.0	41639.3442623
晋州市	53.0	142.0	26792.4528302
遵化市	73.0	461.0	63150.6849315
迁安市	72.0	705.0	97916.6666667
武安市	81.0	448.0	55308.6419753
南宫市	46.0	290.0	63043.4782609
沙河市	41.0	227.0	55365.8536585
涿州市	60.0	168.0	28000.0
定州市	116.0	180.0	15517.2413793
安国市	37.0	70.0	18918.9189189
高碑店市	64.0	87.0	13593.75
平泉市	48.0	0	0.0
泊头市	81.0	119.0	14691.3580247
任丘市	86.0	600.0	69767.4418605
黄骅市	58.0	454.0	78275.862069
河间市	81.0	169.0	20864.1975309
霸州市	62.0	241.0	38870.9677419
三河市	65.0	314.0	48307.6923077
深州市	56.0	90.0	16071.4285714
呼和浩特市	305.0	3090.0	101311.47541
包头市	282.0	3721.0	131950.35461
乌海市	55.0	559.0	101636.363636
赤峰市	429.0	1861.0	43379.95338
通辽市	312.0	1877.0	60160.2564103
鄂尔多斯市	205.0	4716.0	230048.780488
呼伦贝尔市	252.0	1596.0	63333.3333333
巴彦淖尔市	167.0	887.0	53113.7724551
乌兰察布市	211.0	913.0	43270.1421801
霍林郭勒市	10.0	198.0	198000.0
满洲里市	24.0	127.0	52916.6666667
牙克石市	35.0	117.0	33428.5714286
扎兰屯市	36.0	104.0	28888.8888889
额尔古纳市	67.0	26.0	3880.59701493
根河市	153257.0	26.0	1.69649673424
丰镇市	33.0	92.0	27878.7878788
乌兰浩特市	32.0	91.0	28437.5
阿尔山市	83.0	3.0	361.445783133
二连浩特市	42.0	47.0	11190.4761905
锡林浩特市	24.0	143.0	59583.3333333
沈阳市	825.0	6350.0	76969.6969697
大连市	698.0	17865.0	255945.558739
鞍山市	360.0	1602.0	44500.0
抚顺市	230.0	955.0	41521.7391304
本溪市	171.0	1164.0	68070.1754386
丹东市	241.0	984.0	40829.8755187
锦州市	306.0	1327.0	43366.0130719
营口市	244.0	1513.0	62008.1967213
阜新市	177.0	525.0	29661.0169492
辽阳市	184.0	1028.0	55869.5652174
盘锦市	143.0	1256.0	87832.1678322
铁岭市	265.0	740.0	27924.5283019
朝阳市	295.0	854.0	28949.1525424
葫芦岛市	255.0	717.0	28117.6470588
新民市	70.0	0	0.0
瓦房店市	1026189.0	511.0	4.9795895298
庄河市	91.0	0	0.0
海城市	113.0	0	0.0
东港市	592354.0	2365980.3468	39942.0
凤城市	59.0	0	0.0
凌海市	62.0	0	0.0
北镇市	53.0	0	0.0
盖州市	72.0	0	0.0
大石桥市	190.0	0	0.0
灯塔市	51.0	0	0.0
调兵山市	24.0	0	0.0
开原市	58.0	0	0.0
北票市	496164.0	0	0.0
凌源市	65.0	93.0	14307.6923077
兴城市	55.0	0	0.0
长春市	753.0	7175.0	95285.5245684
吉林市	426.0	2302.0	54037.5586854
四平市	326.0	1233.0	37822.0858896
辽源市	120.0	772.0	64333.3333333
通化市	221.0	1001.0	45294.1176471
白山市	125.0	668.0	53440.0
白城市	196.0	699.0	35663.2653061
榆树市	122.0	0	0.0
德惠市	839786.0	350.0	4.1677284451
蛟河市	47.0	0	0.0
桦甸市	45.0	0	0.0
舒兰市	67.0	0	0.0
磐石市	53.0	0	0.0
公主岭市	108.0	400.0	37037.037037
双辽市	40.0	0	0.0
梅河口市	81.0	0	0.0
集安市	23.0	0	0.0
洮南市	44.0	0	0.0
大安市	42.0	0	0.0
临江市	19.0	0	0.0
敦化市	48.0	0	0.0
龙井市	26.0	0	0.0
和龙市	22.0	0	0.0
扶余市	75.0	0	0.0
南京市	843.0	12820.0	152075.919336
徐州市	871.0	6755.0	77554.5350172
连云港市	451.0	2640.0	58536.5853659
宿迁市	485.0	2126.0	43835.0515464
淮安市	487.0	2745.0	56365.5030801
盐城市	824.0	5487.0	66589.8058252
扬州市	452.0	5466.0	120929.20354
泰州市	464.0	4744.0	102241.37931
南通市	730.0	8427.0	115438.356164
镇江市	317.0	3502.0	110473.18612
常州市	472.0	7050.0	149364.40678
无锡市	657.0	11449.539	174270.0
苏州市	1072.0	18597.0	173479.477612
常熟市	106.0	2279.0	215000.0
张家港市	125.0	2606.0	208480.0
太仓市	709500.0	1240.0	17.4770965469
昆山市	165.0	3520.0	213333.333333
江阴市	125.0	3806.0	304480.0
宜兴市	125.0	1248.0	99840.0
溧阳市	79.0	935.0	118354.43038
扬中市	34.0	546.0	160588.235294
句容市	52.0	493.0	94807.6923077
丹阳市	97.0	1270.0	130927.835052
如皋市	124.0	1120.0	90322.5806452
海门市	99.0	1135.0	114646.464646
启东市	111.0	989.0	89099.0990991
海安市	93.0	960.0	103225.806452
高邮市	81.0	608.0	75061.7283951
仪征市	56.0	628.0	112142.857143
兴化市	156.0	862.0	55256.4102564
泰兴市	118.0	610.0	51694.9152542
靖江市	68.0	923.0	135735.294118
东台市	112.0	0	0.0
邳州市	143.0	917.0	64125.8741259
新沂市	104.0	0	0.0
合肥市	796.0	7213.0	90615.5778894
芜湖市	369.0	3065.0	83062.3306233
蚌埠市	333.0	1550.0	46546.5465465
淮南市	343.0	963.0	28075.8017493
马鞍山市	226.0	1918.0	84867.2566372
淮北市	217.0	929.0	42811.0599078
铜陵市	159.0	911.0	57295.5974843
安庆市	458.0	1417.0	30938.8646288
黃山市	143.0	677.0	47342.6573427
滁州市	401.0	1305.0	32543.6408978
阜阳市	1070.0	1267.0	11841.1214953
宿州市	554.0	1235.0	22292.4187726
六安市	474.0	1016.0	21434.5991561
亳州市	504.0	942.0	18690.4761905
池州市	143.0	544.0	38041.958042
宣城市	259.0	1317.0	50849.4208494
巢湖市	780700.0	213.0	2.7283207378
桐城市	75.0	170.0	22666.6666667
天长市	62.0	381.0	61451.6129032
明光市	65.0	81.0	12461.5384615
潜山市	58.0	113.0	19482.7586207
厦门市	411.0	4791.0	116569.343066
福州市	743.0	7856.0	105733.512786
南平市	264.0	1626.0	61590.9090909
三明市	253.0	2332.0	92173.9130435
莆田市	287.0	2242.0	78118.466899
泉州市	865.0	7548.0	87260.1156069
漳州市	500.0	3125.0	62500.0
龙岩市	261.0	1895.0	72605.3639847
宁德市	287.0	1487.0	51811.8466899
福清市	135.0	859.0	63629.6296296
邵武市	303074.0	0	0.0
永安市	322236.0	0	0.0
石狮市	314945.0	287.0	9.11270221785
晋江市	203.0	1593.0019	78473.0
南安市	1418451.0	0	0.0
龙海市	809643.0	0	0.0
漳平市	28.0	0	0.0
福安市	662890.0	3104976.76	46840.0
福鼎市	57.0	0	0.0
南昌市	537.0	5003.0	93165.735568
九江市	482.0	1902.0	39460.5809129
景德镇市	165.0	900.0	54545.4545455
鹰潭市	115.0	639.0	55565.2173913
新余市	116.0	1108.0	95517.2413793
萍乡市	190.0	1120.0	58947.3684211
赣州市	858.0	2207.0	25722.6107226
上饶市	671.0	1650.0	24590.1639344
抚州市	399.0	1105.0	27694.235589
宜春市	551.0	1621.0	29419.2377495
吉安市	489.0	1328.0	27157.4642127
瑞昌市	45.0	85.0	18888.8888889
共青城市	12.0	58.0	48333.3333333
庐山市	26.0	0	0.0
乐平市	92.0	265.0	28804.3478261
瑞金市	67.0	0	0.0
德兴市	31.0	0	0.0
丰城市	137.0	0	0.0
樟树市	53.0	0	0.0
高安市	83.0	0	0.0
井冈山市	15.0	17.0	11333.3333333
贵溪市	56.0	0	0.0
济南市	869.0	8862.0	101979.286536
青岛市	939.0	12001.0	127806.176784
聊城市	603.0	3152.0	52271.973466
德州市	574.0	3380.0	58885.0174216
东营市	211.0	3801.0	180142.180095
淄博市	470.0	5068.0	107829.787234
潍坊市	927.0	5860.0	63214.6709817
烟台市	701.0	7338.0	104679.029957
威海市	282.0	3512.0	124539.007092
日照市	300.0	2020.0	67333.3333333
临沂市	1031.0	3763.0	36498.5451018
枣庄市	391.0	2031.0	51943.7340153
济宁市	829.0	4013.0	48407.7201448
泰安市	560.0	3158.0	56392.8571429
莱芜市	135.0	665.0	49259.2592593
滨州市	385.0	2355.0	61168.8311688
菏泽市	850.0	2400.0	28235.2941176
胶州市	84.0	0	0.0
平度市	136.0	0	0.0
莱西市	75.0	0	0.0
临清市	71.0	0	0.0
乐陵市	64.0	0	0.0
禹城市	50.0	0	0.0
安丘市	95.0	0	0.0
昌邑市	58.0	297.0	51206.8965517
高密市	87.0	274.0	31494.2528736
青州市	90.0	0	0.0
诸城市	108.0	0	0.0
寿光市	108.0	0	0.0
栖霞市	66.0	0	0.0
海阳市	69.0	182.0	26376.8115942
龙口市	68.0	0	0.0
莱阳市	88.0	0	0.0
莱州市	88.0	0	0.0
蓬莱市	44.0	0	0.0
招远市	56.0	0	0.0
荣成市	670780.0	699.0	10.4207042547
乳山市	57.0	0	0.0
滕州市	171.0	728.0	42573.0994152
曲阜市	64.0	266.0	41562.5
邹城市	120.0	558.0	46500.0
新泰市	149.0	765.0	51342.2818792
肥城市	992000.0	808.0	8.14516129032
郑州市	1013.0	10143.0	100128.331688
开封市	454.0	1934.0	42599.1189427
洛阳市	674.0	4640.0	68842.7299703
平顶山市	496.0	1686.0	33991.9354839
安阳市	511.0	2268.0	44383.5616438
鹤壁市	160.0	715.0	44687.5
新乡市	572.0	1975.0	34527.972028
焦作市	353.0	1926.0	54560.9065156
濮阳市	395.0	1620.0	41012.6582278
许昌市	441.0	2642.0	59909.2970522
漯河市	262.0	992.0	37862.5954198
三门峡市	224.0	1251.0	55848.2142857
南阳市	1002.0	2866.0	28602.7944112
商丘市	915.0	1812.0	19803.2786885
周口市	880.0	2089.0	23738.6363636
驻马店市	695.0	1807.0	26000.0
信阳市	640.0	1879.0	29359.375
新郑市	62.0	600.0	96774.1935484
偃师市	61.0	354.0	58032.7868852
孟州市	367113.0	0	0.0
沁阳市	447701.0	0	0.0
林州市	100.0	0	0.0
项城市	121.0	315.0	26033.0578512
汝州市	936000.0	0	0.0
济源市	73.0	533.0	73013.6986301
武汉市	1089.0	13410.0	123140.495868
十堰市	338.0	1300.0	38461.5384615
襄阳市	561.0	3382.0	60285.2049911
荆门市	289.0	1388.0	48027.6816609
孝感市	487.0	1457.0	29917.8644764
黄冈市	629.0	1589.0	25262.3211447
鄂州市	107.0	906.0	84672.8971963
黄石市	245.0	1228.0	50122.4489796
咸宁市	250.0	1030.0	41200.0
荆州市	685.0	1726.0	25197.080292
宜昌市	411.0	3709.0	90243.3090024
随州市	221.0	852.0	38552.0361991
钟祥市	109.0	505.0	46330.2752294
京山市	63.0	0	0.0
汉川市	1128365.0	0	0.0
广水市	89.0	106.0	11910.1123596
麻城市	126.0	0	0.0
武穴市	76.0	0	0.0
大冶市	92.0	0	0.0
赤壁市	52.0	0	0.0
石首市	630000.0	0	0.0
松滋市	76.0	0	0.0
宜都市	39.0	550.0	141025.641026
枝江市	50.0	430.0	86000.0
当阳市	48.0	474.0	98750.0
利川市	94.0	107.0	11382.9787234
天门市	173.0	471.0	27225.433526
长沙市	791.0	10535.0	133185.840708
衡阳市	733.0	2601.0	35484.3110505
张家界市	152.0	447.0	29407.8947368
常德市	584.0	2709.0	46386.9863014
益阳市	441.0	1354.0	30702.9478458
岳阳市	573.0	3258.0	56858.6387435
株洲市	400.0	2335.0	58375.0
湘潭市	282.0	2056.0	72907.8014184
郴州市	473.0	2012.0	42536.9978858
永州市	542.0	1418.0	26162.3616236
邵阳市	726.0	1387.0	19104.6831956
怀化市	523.0	1513.0	28929.2543021
娄底市	387.0	1291.0	33359.1731266
耒阳市	117.0	389.0	33247.8632479
常宁市	101.0	0	0.0
津市市	28.0	150.0	53571.4285714
汨罗市	73.0	0	0.0
醴陵市	105.0	400.0	38095.2380952
湘乡市	89.0	77.0	8651.68539326
韶山市	12.0	86.0	71666.6666667
资兴市	33.0	298.0	90303.030303
武冈市	73.0	0	0.0
洪江市	50.0	0	0.0
冷水江市	37.0	0	0.0
涟源市	108.0	0	0.0
吉首市	31.0	0	0.0
宁乡市	1368117.0	9549046.2249	69797.0
南宁市	756.0	4118.0	54470.8994709
桂林市	496.0	1942.0	39153.2258065
柳州市	404.0	3053.0	75569.3069307
梧州市	299.0	1078.0	36053.5117057
贵港市	429.0	865.0	20163.1701632
玉林市	581.0	1699.0	29242.6850258
钦州市	320.0	944.0	29500.0
北海市	162.0	892.0	55061.7283951
防城港市	91.0	620.0	68131.8681319
崇左市	205.0	682.0	33268.2926829
百色市	359.0	980.0	27298.0501393
河池市	347.0	618.0	17809.7982709
来宾市	218.0	557.0	25550.4587156
贺州市	202.0	468.0	23168.3168317
岑溪市	94.0	0	0.0
桂平市	358.0	322.0	8994.41340782
靖西市	65.0	103.0	15846.1538462
海口市	222.0	1161.0	52297.2972973
三亚市	74.0	529.0	71486.4864865
三沙市	25.0	0	0.0
儋州市	97.0	443.0	45670.1030928
文昌市	558000.0	0	0.0
琼海市	483217.0	0	0.0
万宁市	545597.0	134.0	2.45602523474
东方市	43.0	0	0.0
五指山市	110100.0	0	0.0
贵阳市	462.0	3157.0	68333.3333333
六盘水市	288.0	1201.0	41701.3888889
遵义市	800.0	3000.0	37500.0
安顺市	231.0	800.0	34632.034632
毕节市	660.0	1461.0	22136.3636364
铜仁市	312.0	770.0	24679.4871795
清镇市	50.0	0	0.0
赤水市	244800.0	110.0	4.49346405229
仁怀市	679624.0	0	0.0
凯里市	65.0	148.0	22769.2307692
都匀市	50.0	0	0.0
兴义市	83.0	0	0.0
福泉市	28.0	0	0.0
盘州市	118.0	0	0.0
兴仁市	417919.0	0	0.0
西安市	1200.0	8350.0	69583.3333333
延安市	223.0	1198.0	53721.9730942
铜川市	84.0	307.0	36547.6190476
渭南市	535.0	1767.0	33028.0373832
咸阳市	497.0	2152.0	43299.7987928
宝鸡市	377.0	2265.0	60079.5755968
汉中市	343.0	1156.0	33702.6239067
榆林市	340.0	2491.0	73264.7058824
商洛市	235.0	618.0	26297.8723404
安康市	265.0	755.0	28490.5660377
韩城市	391164.0	0	0.0
华阴市	258113.0	0	0.0
兴平市	611300.0	0	0.0
彬州市	355000.0	0	0.0
神木市	46.0	0	0.0
兰州市	370.0	2095.0	56621.6216216
嘉峪关市	24.0	190.0	79166.6666667
金昌市	47.0	224.0	47659.5744681
白银市	170.0	434.0	25529.4117647
天水市	331.0	553.0	16706.9486405
酒泉市	111.0	544.0	49009.009009
张掖市	121.0	373.0	30826.446281
武威市	181.0	416.0	22983.4254144
庆阳市	223.0	609.0	27309.4170404
平凉市	209.0	347.0	16602.8708134
定西市	277.0	304.0	10974.7292419
陇南市	259.0	315.0	12162.1621622
玉门市	18.0	0	0.0
敦煌市	14.0	0	0.0
临夏市	25.0	0	0.0
德令哈市	125306.0	0	0.0
玉树市	120447.0	0	0.0
茫崖市	31017.0	0	0.0
拉萨市	55.0	0	0.0
日喀则市	70.0	0	0.0
昌都市	65.0	0	0.0
林芝市	19.0	0	0.0
山南市	32.0	0	0.0
那曲市	46.0	0	0.0
银川市	216.0	1493.0	69120.3703704
石嘴山市	80.0	580.0	72500.0
吴忠市	137.0	405.0	29562.0437956
中卫市	114.0	316.0	27719.2982456
固原市	122.0	270.0	22131.147541
灵武市	27.0	0	0.0
青铜峡市	264717.0	0	0.0
乌鲁木齐市	222.0	2744.0	123603.603604
克拉玛依市	307406.0	722.0	23.4868545181
吐鲁番市	62.0	182.0	29354.8387097
哈密市	57.0	167.0	29298.245614
喀什市	58.0	0	0.0
阿克苏市	56.0	0	0.0
和田市	389749.0	0	0.0
阿图什市	27.0	0	0.0
博乐市	27.0	0	0.0
昌吉市	547481.0	180.0	3.28778532954
阜康市	16.0	0	0.0
库尔勒市	55.0	653.0	118727.272727
伊宁市	45.0	0	0.0
奎屯市	28.0	0	0.0
塔城市	16.0	0	0.0
乌苏市	21.0	0	0.0
阿勒泰市	18.0	0	0.0
霍尔果斯市	85000.0	0	0.0
石河子市	63.0	0	0.0
阿拉尔市	29.0	0	0.0
图木舒克市	16.0	0	0.0
北屯市	63.0	0	0.0
双河市	38.0	0	0.0
昆玉市	75.0	0	0.0
